$ 1 0.000005 382.76258214399064 64 5 43 5e-11
v -80 240 -80 160 0 2 4 5 0 0 0.5
r -80 160 48 160 0 10000
d 48 240 48 160 2 default
165 464 128 528 128 6 1.71434615425611e-7
v -32 16 -32 -48 0 0 40 15 0 0 0.5
w 528 96 528 -48 0
g -32 16 -32 48 0 0
w -32 -48 80 -48 0
g -80 240 -80 272 0 0
g 48 240 48 272 0 0
t 48 160 80 160 0 1 -12.879392930465137 -0.4083223926625137 100 default
w 80 176 80 240 0
w 80 240 48 240 0
r 80 80 80 0 0 4700
r 96 128 160 128 0 22000
w 96 128 80 128 0
t 160 128 192 128 0 1 0.5773582966711377 0.6335289342357312 100 default
w 80 240 192 240 0
w 192 144 192 240 0
r 192 64 192 -48 0 4700
w 624 80 624 160 0
w 624 160 592 160 0
r 368 -48 368 80 0 4700
c 192 96 240 96 0 1e-8 -0.0334272703005921 0.001
d 240 240 240 96 2 default
r 240 96 320 96 0 10000
w 368 -48 528 -48 0
w 192 64 624 64 0
w 624 64 624 80 0
t 336 112 368 112 0 1 -14.91040178628548 0.08959805765078359 100 default
w 320 96 336 96 0
w 336 96 336 112 0
w 368 240 368 128 0
w 560 288 560 336 0
w 368 336 528 336 0
c 528 288 528 336 0 1e-8 10.000000000000004 0.001
w 464 224 416 224 0
w 416 224 416 80 0
w 464 256 464 288 0
w 464 288 464 304 0
w 464 304 688 304 0
174 736 32 800 32 1 2200000 0.005 R
174 736 80 800 80 1 2200000 0.005 A
174 736 176 800 176 1 2200000 0.005 D
r 688 96 688 160 0 4700
w 528 -48 688 -48 0
w 688 -48 688 96 0
w 592 192 656 192 0
w 656 192 656 80 0
w 656 80 736 80 0
r 864 176 944 176 0 220
d 800 80 864 80 2 default
d 864 176 800 176 2 default
d 864 32 800 32 2 default
r 864 80 944 80 0 220
r 864 32 944 32 0 220
w 944 32 944 80 0
w 688 304 944 304 0
w 944 176 944 80 0
174 688 160 704 208 1 10000 0.5 S
w 704 192 736 176 0
w 688 224 528 224 0
w 464 192 464 160 0
a 1024 160 1136 160 8 15 -15 1000000 2.332549064176922 2.332572389667564 100000
w 944 176 1024 176 0
w 1024 144 1024 96 0
w 1024 96 1136 96 0
w 1136 160 1136 96 0
w 192 64 192 96 0
w 192 96 192 112 0
w 80 80 80 128 0
w 80 0 80 -48 0
w 192 240 240 240 0
w 240 240 368 240 0
w 80 144 80 128 0
w 528 224 528 192 0
w 464 192 528 192 0
w 80 -48 192 -48 0
w 192 -48 368 -48 0
w 416 80 368 80 0
w 368 96 368 80 0
w 368 240 368 336 0
w 528 336 560 336 0
w 624 64 624 32 0
w 624 32 736 32 0
c 944 304 944 368 0 0.0000022 2.332572389667564 0.001
w 944 176 944 304 0
w 560 336 944 368 0
w 768 16 768 0 0
w 768 0 800 0 0
w 800 0 800 32 0
w 768 64 768 48 0
w 768 48 800 48 0
w 800 48 800 80 0
w 768 160 768 144 0
w 768 144 800 144 0
w 800 144 800 176 0
o 67 256 0 4099 20 0.00009765625 0 2 67 3
